5.422584423969251111e-01
9.303683294515352475e-01
5.494946498692353520e-01
9.338453691835554293e-01
5.512735504381265361e-01
5.530140456071080957e-01
5.552220142311529161e-01
6.599748984007590691e-01
1.000000000000000021e-02
8.894730251137267230e-01
5.514454638796877362e-01
5.319022725643518523e-01
5.486961637161457128e-01
7.259846561593654712e-01
5.583820429053705237e-01
9.327517707880159659e-01
5.220235501555210433e-01
5.070906531411486506e-01
9.310290793609576898e-01
6.144757173723045529e-01
9.330674540182246623e-01
9.350382828461013540e-01
5.507869150912908518e-01
7.012299126523087178e-01
5.585840490848607010e-01
6.215572951706141991e-01
6.909825965333241671e-01
7.083080302444950682e-01
5.794071319269653575e-01
8.837843940488021577e-01
9.416291338292503976e-01
8.379630842634605559e-01
5.844799298349360184e-01
5.634139408532279347e-01
5.729940654235363695e-01
1.010000000000000009e+00
9.301425814295611882e-01
8.212893335180750931e-01
7.308605869252683407e-01
6.433393455741288625e-01
5.793535395456643755e-01
6.589371918060071831e-01
9.318745919236786079e-01
8.193197831422776023e-01
5.600866917696890601e-01
5.776988443373853865e-01
9.274443625996019458e-01
9.004765927934549330e-01
6.184288687702985676e-01
5.730734696529857786e-01
5.741661451555428730e-01
5.615256773272719881e-01
5.537186072087922906e-01
9.275771315491717628e-01
6.558147575082600156e-01
7.128640122566054504e-01
6.191014008840735050e-01
9.391471625885445818e-01
7.043303617637252101e-01
5.649308688583741800e-01
9.706762742324573923e-01
6.954725164466821763e-01
5.913216054710739300e-01
6.329328332504484678e-01
5.829490579782213855e-01
7.294392594425126441e-01
5.192740501718060564e-01
6.316783268764672998e-01
5.945626272804457324e-01
6.294560660630793558e-01
9.397095486831625877e-01
8.670934621898601646e-01
9.444602957578052127e-01
6.426503109877695907e-01
9.414161198347503756e-01
9.268180596360469092e-01
5.744690028387056113e-01
6.645838350125491401e-01
8.567907927837621340e-01
6.362554541287338550e-01
5.889160150528176541e-01
9.278886847879507238e-01
7.947447104806112383e-01
6.907508872340399897e-01
9.187257755605452436e-01
5.835896730340024430e-01
7.924064428663526449e-01
7.449700321912027245e-01
5.256976300348213949e-01
6.123592394972797726e-01
5.793648566705202896e-01
5.810020333689392968e-01
5.848919643331983442e-01
9.218491737797485097e-01
7.696899634655939293e-01
5.315484492304032305e-01
6.066230843095421488e-01
5.851216493604485258e-01
9.260539568766419372e-01
9.304103675944144225e-01
6.399730210919073459e-01
6.978716882432718371e-01
5.899892430949619238e-01
6.641459583682154388e-01
5.645667519317009164e-01
7.837116730514205321e-01
8.092346512710127948e-01
9.113496252356321214e-01
6.274803779772037959e-01
5.967144552359537890e-01
6.838182719291799883e-01
6.473162023878861193e-01
5.967120907628562509e-01
6.308337036494704453e-01
6.116883888818446247e-01
9.068448137688903676e-01
7.777521475882227531e-01
7.696899634655939293e-01
5.825004403971719702e-01
8.932793892747874498e-01
5.771327671698510686e-01
5.979172833809499599e-01
6.872179549038307522e-01
5.846560245035907766e-01
6.115349656766290165e-01
6.208420126903863023e-01
8.379425110826251855e-01
5.814248984516693364e-01
9.335987951768132120e-01
8.486694660005462687e-01
7.614914211196878169e-01
9.286425403253498745e-01
5.804387235027853587e-01
5.580634041193459627e-01
6.298963021462642420e-01
5.812087003001866758e-01
6.637229873689898252e-01
6.452546185832034320e-01
6.684591212607460253e-01
6.004851919473155331e-01
5.871514238940980235e-01
5.804446339654344422e-01
5.801104663111191773e-01
8.857278590431333365e-01
5.783511785331922894e-01
9.203466370420299025e-01
8.451930078508123056e-01
9.074327525034080466e-01
8.870479207338637373e-01
8.912529975938910942e-01
5.855230819203430803e-01
5.865439391786432255e-01
9.010029301532230805e-01
9.419967439584561175e-01
7.315551776004317608e-01
8.337175879900876607e-01
8.724541051999198382e-01
9.147816309313876459e-01
5.516943150594899592e-01
9.250024371803425849e-01
9.370799098639743807e-01
5.584588798661157538e-01
5.550190247938447952e-01
5.414225199884941109e-01
5.555805696420086370e-01
6.449405018400798939e-01
8.513289830998836960e-01
5.435624752870684695e-01
5.342233943899474813e-01
5.564216973930754540e-01
5.751404415958693006e-01
5.890873090588407690e-01
5.852303570281882639e-01
8.355583199168999942e-01
5.606362396013903071e-01
7.697659765715908486e-01
6.124858518901834525e-01
8.980022164849186250e-01
9.371145297986643863e-01
8.576119965615822682e-01
5.814252316026511380e-01
5.583435801193080694e-01
5.809794360214834974e-01
9.415026149063933092e-01
5.832672028820192756e-01
7.650486370497998623e-01
6.441907644201736449e-01
7.027513888250758178e-01
7.775632498704574402e-01
5.822664852023597959e-01
5.790072261980432344e-01
8.510419727334732620e-01
9.310206330767786254e-01
9.603003266840145491e-01
7.795064157724111986e-01
9.376125858456532125e-01
7.597024400036626046e-01
5.958912384058929756e-01
5.818168463143450486e-01
8.627473457098354670e-01
7.487078305630788799e-01
5.831364535163523488e-01
5.817096933620213850e-01
5.865257820123430665e-01
5.837944420105554144e-01
6.592785783339872863e-01
5.847039055861986689e-01
5.848663824695276015e-01
6.119989395726682657e-01
5.861754133112853093e-01
6.188712808666159138e-01
8.166238620675070337e-01
5.935263829693689930e-01
8.397193489100220898e-01
6.639835132186515665e-01
9.054181004063748262e-01
5.787140544838880185e-01
5.766412645236110857e-01
9.328368242031302993e-01
8.751528093626214089e-01
8.539474130802792162e-01
