5.753580387582466482e-01
5.845271452390735645e-01
5.791870554396456594e-01
5.762293666755186061e-01
5.724436554912423203e-01
5.789912476427053756e-01
5.712918280810476146e-01
5.852936056306171642e-01
5.767707412544312850e-01
5.753081813645821718e-01
5.773515923141697703e-01
5.791867875041831759e-01
5.763917066934687305e-01
5.795125650108152726e-01
5.793144856686932576e-01
5.233608248315644307e-01
5.767540719479381517e-01
5.753247600490395408e-01
5.757255965922344343e-01
5.765099345391069274e-01
5.593156945172522709e-01
5.570269112142439694e-01
5.839097406608957375e-01
5.734029690127555590e-01
5.787630983022019615e-01
5.769888798190222490e-01
5.743259952068608953e-01
5.650261755077290449e-01
5.779004719585343341e-01
5.619580788540595728e-01
5.766718213038519725e-01
5.753899193483511532e-01
5.790692213258178400e-01
5.658344717212073771e-01
5.825349960007016881e-01
5.781679053560174752e-01
5.652363050882773798e-01
5.825014033922678580e-01
5.834762802978632479e-01
5.841154364086149631e-01
5.824582687449404439e-01
5.838756164894945977e-01
5.837389834540395173e-01
5.771868024264157349e-01
5.821033403292232844e-01
5.805756490493761968e-01
5.617203926921202628e-01
5.611077374563500086e-01
5.803627483149583766e-01
5.769766608362475457e-01
5.844105805198026582e-01
5.836667283059773226e-01
5.625965265677691507e-01
5.797027648187222937e-01
5.629030859750154825e-01
5.830195229678117874e-01
5.847417723589156680e-01
5.710817074320726494e-01
5.842726703207503647e-01
5.829445382843138068e-01
5.785044053965596733e-01
5.822441390703817499e-01
5.868175206661465637e-01
5.788318074525962142e-01
5.802475437710437056e-01
5.841871614474898333e-01
5.834503893074782788e-01
5.828542837050769698e-01
5.835131060914224843e-01
5.838539132231261863e-01
5.834949593703050441e-01
5.766463960295887814e-01
5.793275717132042590e-01
5.766708043813614237e-01
5.838492204087406545e-01
6.016672713557336127e-01
5.817080471972047029e-01
5.623752094088627640e-01
5.796006248987152221e-01
5.645978540778987531e-01
5.751709862789108341e-01
5.840829526691331264e-01
5.838633970885384050e-01
5.812153095036709516e-01
5.874693668969682703e-01
5.612296597251472674e-01
5.799600586263474744e-01
5.700813898423783277e-01
5.781554029150491880e-01
5.587569071679882038e-01
5.878424105405938294e-01
5.741891902984134211e-01
5.846913892137478586e-01
5.868275758369339012e-01
5.825462067896638452e-01
5.740824494254170851e-01
5.659551263998606752e-01
5.801007707576223416e-01
5.762593500303051508e-01
5.860359450346053212e-01
5.756525961276353076e-01
6.038767096266448586e-01
5.666539407307360499e-01
5.814391441953034034e-01
5.817439838615013903e-01
5.593475292631888696e-01
5.819746892509392033e-01
5.614746809081668788e-01
5.928347184437303685e-01
5.785168200508458147e-01
5.841472810060441834e-01
5.775865659857373213e-01
5.849866735832462972e-01
5.816282793994465017e-01
6.010708919210002721e-01
5.689289924962883660e-01
5.683000034744130069e-01
5.773630156453108953e-01
5.964996407446351290e-01
5.662650949745288154e-01
5.711912952957842737e-01
5.741059818327201025e-01
5.951871974704731061e-01
5.661269020387527107e-01
5.590681405882479416e-01
5.757376342402896752e-01
5.574539551485045985e-01
5.850537672348889995e-01
5.582710941655302239e-01
5.927338119855080079e-01
5.648046046675615495e-01
5.814972959362838534e-01
5.683814356126902778e-01
5.552364640240233795e-01
5.583098640328172380e-01
5.794244214265388271e-01
5.583113315241320374e-01
5.622399035160469127e-01
5.634466697375638544e-01
5.587161454144307093e-01
1.000000000000000021e-02
5.647051142917131061e-01
5.650010893491470565e-01
5.640505973722982347e-01
5.596639748462312047e-01
5.778211449321154491e-01
5.629930761981859488e-01
5.584072373109060239e-01
5.580808505042100798e-01
5.652790342257668632e-01
5.570170804301904921e-01
5.575153990105810031e-01
5.598009207312553137e-01
5.572103041302898241e-01
5.159721741922270732e-01
5.711321840584093756e-01
5.594235328731254064e-01
5.862747431158848999e-01
5.577782941147031437e-01
5.580394593608193343e-01
5.611183939401428455e-01
5.605838741876546516e-01
5.922462853384738990e-01
5.588658795388564693e-01
5.735689064864583075e-01
5.577995494757311823e-01
5.790648492478189802e-01
5.656390016699198720e-01
6.075774268087797969e-01
5.970857485919547347e-01
5.990856664134054377e-01
5.514577337999780893e-01
5.816239320029429338e-01
5.897722890974834709e-01
5.982330580871423331e-01
5.778397226377064433e-01
6.024954001107531987e-01
5.903130332687819282e-01
5.943614919874438129e-01
5.786683246881830778e-01
6.001840668589921712e-01
5.765811814580443784e-01
5.887264364688179485e-01
5.998004267119396715e-01
6.015773082588590226e-01
5.778961898815252463e-01
6.047941492674534514e-01
5.955721264710447382e-01
6.036524837682977207e-01
6.034562691267344459e-01
5.950455903213841546e-01
5.998041963441597124e-01
5.958266510728558174e-01
5.943808601614117837e-01
5.990806540392096258e-01
6.035441448491135619e-01
6.056302902647017206e-01
5.939813944026033354e-01
6.049408328196916873e-01
6.020165965221124793e-01
5.917070424901608172e-01
5.961006251029671299e-01
5.963086789122089559e-01
6.026762351735254208e-01
6.026850523005583549e-01
6.050553022051725627e-01
5.991249431958198812e-01
5.787328045184951808e-01
5.944313313368334573e-01
5.953583582965620291e-01
6.095290521551950391e-01
5.943409708240177114e-01
6.023019008850847289e-01
6.028620348057568412e-01
6.008810380124691708e-01
6.001691333718939259e-01
5.994540324971866507e-01
6.059289912132111988e-01
6.041219024889163958e-01
6.062442667390536277e-01
6.056957615975513409e-01
6.052280219833701125e-01
6.034635377761730091e-01
6.044951495158108479e-01
6.058052739759117733e-01
6.021280648712712402e-01
6.063735076059333373e-01
6.047543957081850108e-01
6.042801484351091323e-01
6.045559135427607256e-01
6.004340286031610852e-01
6.060717539011768462e-01
6.012477874160595537e-01
6.019317720953464290e-01
6.047415766018078287e-01
6.026002239655701143e-01
6.040485900530297991e-01
6.036676925948216699e-01
6.041846585091330546e-01
6.045491350471576819e-01
6.048646238181868418e-01
6.140675558282200353e-01
6.060799066242603672e-01
6.033510766690167726e-01
5.931176557951914896e-01
5.698357573533863185e-01
5.973920786327222565e-01
5.859285549850558050e-01
5.760751529244029223e-01
5.623952963504286195e-01
5.819510372351585081e-01
5.889488679847252328e-01
5.938579866984057265e-01
5.903791111872246367e-01
5.990760948536214547e-01
5.941392664715782201e-01
5.898193431264020514e-01
6.045185375326274091e-01
5.916572176683188022e-01
5.810705709868706492e-01
6.014628753444885012e-01
5.765859903146628440e-01
5.913424908589490769e-01
5.966435954189650559e-01
5.705011588855395388e-01
5.901852188723709647e-01
5.862373777484128912e-01
5.744272848419259558e-01
5.896918182926463858e-01
5.293902208854569524e-01
5.744614811262941378e-01
6.020373390270181702e-01
5.820960087497529800e-01
5.903786202847601805e-01
5.946985768018344665e-01
5.806073873258542628e-01
5.944925896492687656e-01
6.031200346465754869e-01
5.880812146705256538e-01
5.999252157264987062e-01
5.881035686796485251e-01
5.999893305866295101e-01
5.923168180160257590e-01
5.967155773123743456e-01
5.814045414646713539e-01
5.860999648067219958e-01
5.899184956437870664e-01
5.813962248969204438e-01
5.810288203323937806e-01
5.798540374159930622e-01
5.989686281620815178e-01
5.907563665263503294e-01
5.948334619003514678e-01
5.901205773968014601e-01
5.881010704138085465e-01
5.858132304160775794e-01
5.763236484982837693e-01
5.858661882597969717e-01
5.947099562523120442e-01
6.003072320481541713e-01
5.984885622053767174e-01
6.021052249432632397e-01
5.930142067985705312e-01
5.957838586859280916e-01
6.332670008259206895e-01
5.867483487046636359e-01
6.030386547192119195e-01
5.979862234883069894e-01
6.056042097393106172e-01
5.781478006861919816e-01
6.031757021821565479e-01
5.998695971850401820e-01
5.988145328567154868e-01
5.884501434655537988e-01
5.862020815536890250e-01
5.873006718429324424e-01
6.118083021598438309e-01
5.701327832437220744e-01
5.971198779772112220e-01
5.669677721838884965e-01
5.991225763692734629e-01
5.965305473524377122e-01
5.822804773693756042e-01
6.011257424681635264e-01
5.955821417189813838e-01
5.996312379422524819e-01
5.967698348143843923e-01
5.979772413776837103e-01
5.975131694015890504e-01
6.008018774048718980e-01
5.777202730119173069e-01
6.032443354818939341e-01
5.830948285502023376e-01
6.014728034235043985e-01
5.881704644609755395e-01
6.012999146783802873e-01
6.010994320498758148e-01
6.035944943944133723e-01
5.971194249789879560e-01
6.057043341966252825e-01
5.974450775322780460e-01
5.977839532005153611e-01
6.042417548388105963e-01
6.058593804971190711e-01
6.033560289032074975e-01
6.043426051766510598e-01
5.999244943668351482e-01
6.033708085486350070e-01
6.037217730960370288e-01
6.061478035509435536e-01
5.980508990197634933e-01
6.025143996207397157e-01
5.976860837298543228e-01
6.034317943098059800e-01
5.998285788490114179e-01
6.009781064297003983e-01
5.955670228872981253e-01
5.961246379654733252e-01
6.025039121571427181e-01
6.049999044945295612e-01
5.964114446205038833e-01
5.954725181220603680e-01
5.910637474013092918e-01
5.887652132569269892e-01
5.726318308372276844e-01
5.830006273009766815e-01
5.909569917447632381e-01
5.705564201658316348e-01
5.790691663816933676e-01
5.837637378267293009e-01
5.790446312116628302e-01
6.033531247691560351e-01
5.856696701495596180e-01
5.920840098389504869e-01
5.843202732913210795e-01
5.774568515558254900e-01
5.950179186924684505e-01
5.949431644313992740e-01
5.841076453166597071e-01
6.005894722895125382e-01
5.689793855108880027e-01
5.861109852472423665e-01
5.763047698835431776e-01
5.930103961667881896e-01
5.986310562217288522e-01
5.827479035878178060e-01
5.789899483960672111e-01
5.806099777724511579e-01
5.984318459133733947e-01
5.972579163892425269e-01
5.878215443160150766e-01
5.845074292412264505e-01
5.816382388499258260e-01
5.963119519269448610e-01
5.939175601878339261e-01
5.875587688849381873e-01
5.894011612398230016e-01
5.910843477477913943e-01
5.978248690538064958e-01
5.822601614051691188e-01
5.985075528197079109e-01
5.871282052836582777e-01
5.961495995372373402e-01
5.702408636928607555e-01
5.971537686583351379e-01
5.950792429745731527e-01
5.666544996263142009e-01
5.852321976263465952e-01
6.029698335940730791e-01
5.893864292013322181e-01
5.733257011434929051e-01
6.040646691363975584e-01
5.837268384474604277e-01
5.970939214983748133e-01
5.852679734169221604e-01
5.786308886965587650e-01
5.802518290889938646e-01
5.829428200612464250e-01
6.039372814872275841e-01
5.874769491181944803e-01
6.039232295483487611e-01
5.890478073455087671e-01
6.029161260042695814e-01
5.988892741379568951e-01
5.800405974475811854e-01
5.942125718031193715e-01
5.977324757398944088e-01
6.007833184785493774e-01
6.018017430055636607e-01
6.035084342015528680e-01
9.390273225986354166e-01
9.589947101987552625e-01
9.374772499796881764e-01
1.005419736116146545e+00
9.368652029753240518e-01
9.290148210529461936e-01
9.324560209338941252e-01
9.358406973300085196e-01
7.839356760334709184e-01
9.494206726008400654e-01
9.346579772196856872e-01
6.066962006484908354e-01
9.363728372074637818e-01
9.446043118334990218e-01
9.398758083276282926e-01
9.340066793851330429e-01
9.407809057520007956e-01
9.356827604933637410e-01
9.293227451904377823e-01
9.429115302472904636e-01
9.308437169712655557e-01
9.441509336185109902e-01
9.325649825727485576e-01
9.030356713584847261e-01
9.313592904431562403e-01
9.360907856388667181e-01
9.393399315638136793e-01
9.333482435122916199e-01
9.402137493530429158e-01
9.433217406545113537e-01
9.498264485710957716e-01
9.345627389482231706e-01
9.425296964721182613e-01
9.450241499360313435e-01
9.239084096360838938e-01
9.619365903579076837e-01
9.553035438699247761e-01
9.395846743275313440e-01
9.326114689339639607e-01
9.646123024303179250e-01
9.437820546060937676e-01
9.443108266381532445e-01
9.546012361458676709e-01
9.335906406590378515e-01
9.400281586477450269e-01
9.470200754889958050e-01
9.431262808290916677e-01
9.417430692438897299e-01
9.544640456746537049e-01
9.344704508510264240e-01
9.368758997731815308e-01
8.771080712403585000e-01
9.360845510662822999e-01
9.542078278118506507e-01
9.138177915953292763e-01
9.361223488924663716e-01
9.279165259565406165e-01
9.399345702728202356e-01
9.345590372157031034e-01
9.373426297320903711e-01
9.259165918231319070e-01
9.367079780378902987e-01
6.194777156375443905e-01
9.474658869535380612e-01
6.067556832897020858e-01
9.207742781549159705e-01
9.418430322639023133e-01
9.396120583657694425e-01
9.650393009254956134e-01
9.352666400241272937e-01
9.260627510667924778e-01
9.421994099494367392e-01
9.411541763602019328e-01
9.605665830728684629e-01
9.629805667043970230e-01
6.061093180014955895e-01
9.351796843846169605e-01
9.345904424062387861e-01
9.498673996959707821e-01
9.159039714622096984e-01
9.496426221683518243e-01
9.398682853148947469e-01
9.419268897931092344e-01
9.429251049964003650e-01
9.377336789698034192e-01
6.058709905682542196e-01
9.409646975913509293e-01
9.360106266559355959e-01
9.508201290255782201e-01
9.641147908316362036e-01
9.362469597977910452e-01
9.638664813566858447e-01
9.477024482464464494e-01
9.278304260652214808e-01
9.798505103204877553e-01
9.339673506394499114e-01
9.415777656379475946e-01
9.356369976562617374e-01
9.408085208982162051e-01
9.758402949683486760e-01
9.656224353001500171e-01
1.009585925791573802e+00
6.053951571983385849e-01
6.069032967023788583e-01
9.408534721967315440e-01
9.802799915873129377e-01
9.711803466636562687e-01
1.008028684186257351e+00
1.008804597779485945e+00
1.009444815542047902e+00
1.009473939833822165e+00
1.009266224217640229e+00
1.009685707610710859e+00
9.801593422564413016e-01
1.009533620784139218e+00
9.973993563974972165e-01
1.009310269393549397e+00
1.009969406570091488e+00
1.010000000000000009e+00
1.008547173290261556e+00
1.009729210719883197e+00
1.009366387682547161e+00
1.001870449406503383e+00
9.591596720224351280e-01
1.009524883209793167e+00
1.008195662719390651e+00
1.008652912719361971e+00
1.009569529357769557e+00
9.522958055586014936e-01
9.982367382675089162e-01
9.898236959184197881e-01
1.004885410359003917e+00
1.009639394180964267e+00
1.009432057174266095e+00
1.009513848254117274e+00
9.833300922398824362e-01
1.008183870626381484e+00
1.003288128434673077e+00
1.008831103343851066e+00
1.001530194674406182e+00
9.934699212242581456e-01
1.009648410033936683e+00
1.009845110701783844e+00
1.008356437624352120e+00
9.734028247906045817e-01
9.879663249691768012e-01
1.003956779099037355e+00
1.009842581249595250e+00
1.001741591503196638e+00
1.009177116819559572e+00
1.009755728549663001e+00
1.009720343298982526e+00
9.737567685436461229e-01
9.812628097319789910e-01
1.009859627409481098e+00
9.906290359274572133e-01
9.656491047458447552e-01
9.917993061562891954e-01
1.009095319573851457e+00
1.007639659131796206e+00
1.008685592069581416e+00
9.937499011346353495e-01
1.007846405686590785e+00
9.783024197892303819e-01
9.780093312005374573e-01
1.002554630277189052e+00
9.662671009158163571e-01
1.009459352707395174e+00
1.002113208739961792e+00
9.862242254256059493e-01
9.873736330226099422e-01
9.837351036401478233e-01
1.009428230465849508e+00
1.008526322420101318e+00
1.009575945471323788e+00
1.009626504247138623e+00
9.946094799659548347e-01
1.009920085470490836e+00
9.784663447206466413e-01
9.745562447716518140e-01
1.003815225791836019e+00
9.643612679795671161e-01
1.000845644111573174e+00
9.682335714116316883e-01
9.517770827628199148e-01
9.555869129640413018e-01
9.832078501263065151e-01
9.964287774946489762e-01
9.757904330136394355e-01
1.006902287101165916e+00
1.009470264712245768e+00
